21.0799584948271 13.3199560533464 50.0899685659352 13.5799737540818
18.370006408887 15.6499832148198 49.6299630726035 14.4099551377911
15.3499557481613 19.0599688711203 48.6299630726035 15.0399487289041
21.5899533066805 19.4000061037019 45.5699636829737 11.519974364452
17.8800012207404 15.3499557481613 50.0899685659352 14.7599414044618
21.2499465926084 12.3099765007477 50.6699423200171 13.8499404889065
16.1899472029786 9.94994964445936 54.6099429303873 17.3199865718558
15.8499404889065 22.7699819940794 45.8599810785241 13.58998382519
20.5799432355724 20.7499618518632 45.1299478133488 11.6199835200049
18.5499435407575 15.6899624622333 49.4999847407453 14.3399761955626
19.4000061037019 20.069948423719 46.149967955565 12.4599749748222
16.0199591051973 17.370006408887 49.4999847407453 15.1799981688894
18.0499588000122 18.7199621570482 47.6099429303873 13.699942014832
16.5299539170507 21.4199957274087 46.4300057985168 13.699942014832
19.7299722281564 11.2999969481491 52.1299478133488 14.9099398785363
15.1799981688894 17.029938657796 50.0899685659352 15.7699819940794
18.889980773339 19.7299722281564 46.5799432355724 12.8699911496323
15.6899624622333 14.3399761955626 51.8299813837092 16.2299569689016
21.4199957274087 21.0799584948271 44.3899960325938 11.1799981688894
19.8999908444472 10.2899563585314 52.7099520859401 15.1799981688894
18.7699819940794 13.3199560533464 49.2499465926084 16.7299722281564
20.2399670400098 22.0899685659352 44.259987182226 11.4899746696371
15.0099490340892 11.6399426252022 54.0199591051973 17.4099856563005
17.370006408887 16.0199591051973 49.7900021362957 14.8899502548296
18.7199621570482 20.4099856563005 46.149967955565 12.7999816888943
20.7499618518632 13.6599627674184 49.9400006103702 13.7299417096469
20.069948423719 10.6299630726035 52.4199957274087 14.959990234077
17.029938657796 21.7600024414808 45.9899899288919 13.2899563585314
15.519974364452 18.0499588000122 49.2199468977935 15.2999969481491
20.9100009155553 10.959990234077 51.8500015259255 14.3499557481613
17.5399639881588 18.3799859614856 48.1899472029786 13.9700003051851
16.6999725333415 12.6499832148198 52.5699636829737 16.1599475081637
17.7099520859401 14.6699423200171 50.6699423200171 15.0299996948149
19.0599688711203 15.0099490340892 49.7900021362957 14.219977416303
16.3599963377789 14 51.6999725333415 16.0199591051973
20.4099856563005 23.109958189642 43.5299539170507 11.0299996948149
18.3799859614856 12.9899899288919 51.5399639881588 15.1599475081637
19.2299569689016 16.6999725333415 48.4699850459304 13.6799829096347
17.1999572740867 22.4300057985168 45.4199957274087 13.0199896237068
