21.4199957274087 16.4399853511155 47.6499832148198 12.5699942014832
18.3799859614856 13.4899746696371 51.0699789422285 15.1299783318583
19.2299874874111 20.2399975585192 45.9800103762932 12.629993591113
17.1199987792596 19.8200018311106 47.2899868770409 13.849971007416
15.849971007416 17.2899868770409 49.6899929807428 15.2499771111179
16.3599963377789 21.9299905392621 46.1299783318583 13.6599932859279
19.6499832148198 16.0199896237068 48.8099917600024 13.58998382519
16.8699911496323 12.6499832148198 52.3899960325938 16.1699880977813
16.1099887081515 18.1299783318583 48.8999908444472 14.9399700918607
18.889980773339 20.6599932859279 45.9100009155553 12.6199835200049
14.8399914548173 10.959990234077 54.5799737540818 17.6899929807428
20.6599932859279 14.3399761955626 49.5499740592669 13.5299844355602
20.4099856563005 11.8099917600024 51.370006408887 14.4899746696371
16.5299844355602 12.2299874874111 52.889980773339 16.4300057985168
17.629993591113 15.1799981688894 50.2799768059328 14.9899899288919
15.3499862666707 22.7699819940794 45.9800103762932 13.9799798577837
20.1599780266732 10.1199987792596 52.7600024414808 15.0399792474136
19.8999908444472 13.9099703970458 50.1299783318583 14.1299783318583
18.1299783318583 22.3499862666707 45.0999786370434 12.4999847407453
18.6399731437117 21.0799890133366 45.7600024414808 12.5999938962981
20.0699789422285 21.4999847407453 44.7300027466659 11.7699819940794
16.6099734488968 17.7099826044496 48.959990234077 14.7899716177862
20.9100009155553 11.3799859614856 51.4399853511155 14.3399761955626
17.8800012207404 14.7599719229713 50.4099856563006 15.0299996948149
17.1999877925962 15.5999938962981 50.1299783318583 15.1499984740745
15.5999938962981 18.5499740592669 48.8099917600024 15.1099887081515
19.1399884029664 16.8699911496323 48.370006408887 13.6999725333415
15.0999786370434 19.4000061037019 48.519974364452 15.0599993896298
21.6699728385266 13.0699789422285 49.9100009155553 13.4299752800073
21.1699880977813 10.5399945066683 51.9500106814783 14.4199957274087
17.370006408887 18.9700003051851 47.7999816888943 13.9299905392621
19.4000061037019 23.1899777214881 43.8699911496322 11.6199835200049
